00:00
00:10
00:20 20
00:30 30
00:40 20 40
00:50 50
01:00 20 30 60
01:10 70
01:20 20 40 80
01:30 30 90
01:40 20 50 100
01:50 110
02:00 20 30 40 60 120
02:10 130
02:20 20 70 140
02:30 30 50 150
02:40 20 40 80 160
02:50 170
03:00 20 30 60 90 180
03:10 190
03:20 20 40 50 100 200
03:30 30 70 210
03:40 20 110
03:50
04:00 20 30 40 60 80 120
04:10 50
04:20 20 130
04:30 30 90
04:40 20 40 70 140
04:50
05:00 20 30 50 60 100 150
05:10
05:20 20 40 80 160
05:30 30 110
05:40 20 170
05:50 50 70
06:00 20 30 40 60 90 120 180
06:10
06:20 20 190
06:30 30 130
06:40 20 40 50 80 100 200
06:50
07:00 20 30 60 70 140 210
07:10
07:20 20 40 110
07:30 30 50 90 150
07:40 20
07:50
08:00 20 30 40 60 80 120 160
08:10 70
08:20 20 50 100
08:30 30 170
08:40 20 40 130
08:50
09:00 20 30 60 90 180
09:10 50 110
09:20 20 40 70 80 140
09:30 30 190
09:40 20
09:50
10:00 20 30 40 50 60 100 120 150 200
10:10
10:20 20
10:30 30 70 90 210
10:40 20 40 80 160
10:50 50 130
11:00 20 30 60 110
11:10
11:20 20 40 170
11:30 30
11:40 20 50 70 100 140
11:50
12:00 20 30 40 60 80 90 120 180
12:10
12:20 20
12:30 30 50 150
12:40 20 40 190
12:50 70 110
13:00 20 30 60 130
13:10
13:20 20 40 50 80 100 160 200
13:30 30 90
13:40 20
13:50
14:00 20 30 40 60 70 120 140 210
14:10 50 170
14:20 20
14:30 30
14:40 20 40 80 110
14:50
15:00 20 30 50 60 90 100 150 180
15:10 70 130
15:20 20 40
15:30 30
15:40 20
15:50 50 190
16:00 20 30 40 60 80 120 160
16:10
16:20 20 70 140
16:30 30 90 110
16:40 20 40 50 100 200
16:50
17:00 20 30 60 170
17:10
17:20 20 40 80 130
17:30 30 50 70 150 210
17:40 20
17:50
18:00 20 30 40 60 90 120 180
18:10
18:20 20 50 100 110
18:30 30
18:40 20 40 70 80 140 160
18:50
19:00 20 30 60 190
19:10 50
19:20 20 40
19:30 30 90 130
19:40 20
19:50 70 170
20:00 20 30 40 50 60 80 100 120 150 200
20:10 110
20:20 20
20:30 30
20:40 20 40
20:50 50
21:00 20 30 60 70 90 140 180 210
21:10
21:20 20 40 80 160
21:30 30
21:40 20 50 100 130
21:50
22:00 20 30 40 60 110 120
22:10 70 190
22:20 20
22:30 30 50 90 150
22:40 20 40 80 170
22:50
23:00 20 30 60
23:10
23:20 20 40 50 70 100 140 200
23:30 30
23:40 20
23:50 110 130
